$ANSIBLE_VAULT;1.1;AES256
39633337383332316635666437633461633539356365663065663662343864323762353266373536
3164363136663963316636636532366233326261313430350a646631346130383839383462623765
65623065623866363934363934663261323937353165616432323231356163386263373437316666
3365306134666461640a316230316362356563316534393635396562613839313535393331396365
33313162346463376261336665323135613261333138306463306666326335333531643765386161
62386131376333353961643835353761616131656330383235663862326135343236316666303434
39386533633334303639323536626333353463636461373231333031646532613832663866326230
61663533663034303264313365613431323932633166666332663838373138373139373063303634
35653533623363376338656361373237623637613665343337346334323762346337303363613063
33363265663761626563343364346538363330336437336335613336663132616462396238343638
31383366313238343439343339656639376665663831326133346131316636373232613738653064
31633035376631636264396434353932333538386131636331643134373839616637396435386330
65643736306137613461356437393035333633383835343766383435363566303863353861356532
33633464323962386530373762636237353031656238326363373436396533653362396135613266
61653237333364313261656632323333616136373839653536373333643032396235323461373735
65636532343063366139623536306339353934333639303838646338656436313739643234396561
66343836666166643133326230636235623163623730353661303930623235616665313230303432
37346438623266323765356337306365666139353739316136376230626565613031356333333666
35343066363164386532656161626238356332383831346166353131326262666132343662633466
65393165356335313330623439613263343834623266613334626630303332303433396533623931
65623366636538333263343934613133633766353264303462613236623133323033613737353162
36316235323662623665326636356135653736323334626532663731323032303830636632653038
38616162623833653363316431393930356436663463393431306331323037303638376237636262
66343231393931646237396235323565393165363738383336376434356366323134383436363537
65353964653765653132633332323064653131306630633136616639666463633966636466353732
39656534653062633062643961663136316234666662643639383161643837396164613932303933
36383035326163336339396637333061616333363263336633666265383135393432633965323831
30333462376134633532356538303833626463613161363766633132386437356136316566306261
39633339633437323162646266336137373334323937323763653037373361643539636534623461
35656331396633313834393765343239376632316336303139353536313738343237386664623130
36363137373331663537346636313531623664313139373737393061636135313666646131666430
36346337326334636134
